import type { ModuleId } from "./types";

/* Generated by scripts/build-embeddings.mjs from the curriculum corpus —
   do not edit by hand. Co-occurrence PPMI vectors, cosine similarity, and
   a classical-MDS 2D projection over 45 curriculum terms. Real
   statistics at tiny scale; powers the Embeddings and RAG demos. */

export interface EmbTerm {
  term: string;
  module: ModuleId;
  x: number;
  y: number;
}

export const embeddingTerms: EmbTerm[] = [
  { term: "token", module: "foundations", x: 64.1, y: 27.7 },
  { term: "tokenization", module: "foundations", x: 50, y: 21 },
  { term: "embeddings", module: "foundations", x: 18.9, y: 2.4 },
  { term: "vector", module: "foundations", x: 1.1, y: 0 },
  { term: "attention", module: "foundations", x: 55.9, y: 50.6 },
  { term: "transformer", module: "foundations", x: 52.8, y: 54.6 },
  { term: "prompt", module: "foundations", x: 60.5, y: 46.3 },
  { term: "temperature", module: "foundations", x: 44.5, y: 14.1 },
  { term: "rag", module: "foundations", x: 5.2, y: 36.5 },
  { term: "retrieval", module: "foundations", x: 2.1, y: 15.1 },
  { term: "chunking", module: "foundations", x: 20.5, y: 27.2 },
  { term: "hallucination", module: "foundations", x: 71.7, y: 36 },
  { term: "context", module: "foundations", x: 42.1, y: 18.5 },
  { term: "semantic", module: "foundations", x: 0, y: 6.6 },
  { term: "multimodal", module: "foundations", x: 66.3, y: 36.3 },
  { term: "reasoning", module: "foundations", x: 76.4, y: 51.8 },
  { term: "automation", module: "automation", x: 46.8, y: 74.3 },
  { term: "workflow", module: "automation", x: 46.1, y: 63.3 },
  { term: "webhook", module: "automation", x: 66.8, y: 49.6 },
  { term: "trigger", module: "automation", x: 51.8, y: 51.1 },
  { term: "make", module: "automation", x: 71.6, y: 64.7 },
  { term: "pagination", module: "automation", x: 49.4, y: 42.5 },
  { term: "api", module: "automation", x: 75, y: 56.4 },
  { term: "integration", module: "automation", x: 44, y: 63.7 },
  { term: "claude", module: "models", x: 89.9, y: 57.3 },
  { term: "gemini", module: "models", x: 100, y: 52.7 },
  { term: "openai", module: "models", x: 73.4, y: 63.6 },
  { term: "model", module: "models", x: 55.4, y: 27.2 },
  { term: "models", module: "models", x: 78.1, y: 47.3 },
  { term: "elevenlabs", module: "models", x: 74.5, y: 66.1 },
  { term: "agent", module: "agents", x: 17, y: 88.3 },
  { term: "agents", module: "agents", x: 26.8, y: 67.9 },
  { term: "langchain", module: "agents", x: 2.4, y: 93 },
  { term: "langgraph", module: "agents", x: 10.8, y: 100 },
  { term: "llamaindex", module: "agents", x: 1.7, y: 86.3 },
  { term: "mcp", module: "agents", x: 12.9, y: 77.9 },
  { term: "memory", module: "agents", x: 23.6, y: 29.1 },
  { term: "tool", module: "agents", x: 46.6, y: 50.3 },
  { term: "supervisor", module: "agents", x: 25, y: 62.3 },
  { term: "python", module: "python", x: 38.7, y: 76.5 },
  { term: "json", module: "python", x: 72.4, y: 30.5 },
  { term: "requests", module: "python", x: 67.2, y: 44.6 },
  { term: "streaming", module: "python", x: 72.5, y: 35.1 },
  { term: "batch", module: "python", x: 62.2, y: 42.3 },
  { term: "pipeline", module: "python", x: 38.7, y: 54.1 },
];

/** Cosine similarity matrix, aligned to embeddingTerms order. */
export const embeddingSim: number[][] = [
  [1, 0.042, 0.069, 0.064, 0.174, 0.094, 0.077, 0.098, 0.024, 0.046, 0.129, 0.136, 0.195, 0.055, 0.131, 0.09, 0.061, 0.096, 0, 0.128, 0.1, 0, 0.188, 0.021, 0.02, 0.054, 0.031, 0.21, 0.22, 0.026, 0.046, 0.065, 0.072, 0.044, 0, 0.066, 0.087, 0.068, 0.063, 0.059, 0.099, 0.102, 0.239, 0.257, 0.018],
  [0.042, 1, 0.181, 0.079, 0.287, 0.016, 0.07, 0.15, 0.226, 0.124, 0.088, 0.035, 0.176, 0.08, 0.202, 0.077, 0.062, 0.02, 0.062, 0.064, 0.111, 0.069, 0.081, 0.038, 0.047, 0.113, 0.165, 0.246, 0.172, 0.062, 0.026, 0.029, 0.097, 0.025, 0.03, 0.004, 0.02, 0.019, 0.053, 0.078, 0.106, 0.043, 0.014, 0.022, 0.045],
  [0.069, 0.181, 1, 0.332, 0.022, 0.016, 0.05, 0.183, 0.064, 0.296, 0.039, 0.013, 0.103, 0.292, 0.059, 0.039, 0.048, 0.06, 0.023, 0.028, 0.004, 0, 0.053, 0.075, 0.045, 0.049, 0.049, 0.212, 0.072, 0.074, 0.059, 0.08, 0.043, 0.05, 0.066, 0.035, 0.081, 0.091, 0, 0.039, 0.054, 0.044, 0.096, 0.023, 0.038],
  [0.064, 0.079, 0.332, 1, 0.01, 0, 0.063, 0.242, 0.165, 0.262, 0.126, 0.013, 0.166, 0.396, 0.06, 0.027, 0.063, 0.028, 0.025, 0.019, 0.007, 0, 0.039, 0.116, 0.006, 0.002, 0.065, 0.074, 0.044, 0.016, 0.092, 0.125, 0.091, 0.026, 0.04, 0.059, 0.243, 0.102, 0.125, 0.052, 0.067, 0.031, 0.045, 0.087, 0.029],
  [0.174, 0.287, 0.022, 0.01, 1, 0.201, 0.146, 0.033, 0.215, 0.078, 0.044, 0.068, 0.08, 0.038, 0.167, 0.132, 0.21, 0.076, 0.107, 0.103, 0.138, 0.067, 0.138, 0.111, 0.057, 0.062, 0.054, 0.122, 0.227, 0.048, 0.136, 0.102, 0.076, 0.053, 0.037, 0.08, 0.001, 0.076, 0.17, 0.128, 0.033, 0.027, 0.053, 0.148, 0.084],
  [0.094, 0.016, 0.016, 0, 0.201, 1, 0.074, 0.04, 0.046, 0.009, 0, 0.037, 0.013, 0, 0.002, 0.037, 0.13, 0.034, 0.145, 0.245, 0.091, 0, 0.025, 0.092, 0.08, 0.014, 0.002, 0.049, 0.043, 0, 0.096, 0.023, 0, 0.065, 0, 0.115, 0, 0.007, 0, 0, 0.012, 0.016, 0, 0, 0],
  [0.077, 0.07, 0.05, 0.063, 0.146, 0.074, 1, 0.099, 0.163, 0.145, 0.063, 0.071, 0.106, 0.037, 0.144, 0.178, 0.145, 0.203, 0.138, 0.056, 0.171, 0.047, 0.179, 0.175, 0.056, 0.11, 0.092, 0.259, 0.242, 0.046, 0.163, 0.142, 0.072, 0.069, 0.063, 0.065, 0.079, 0.158, 0.028, 0.145, 0.199, 0.108, 0.19, 0.023, 0.089],
  [0.098, 0.15, 0.183, 0.242, 0.033, 0.04, 0.099, 1, 0.063, 0.138, 0.088, 0.032, 0.156, 0.084, 0.04, 0.107, 0.054, 0.057, 0.049, 0.025, 0.041, 0.057, 0.079, 0.096, 0.068, 0.101, 0.089, 0.198, 0.094, 0.056, 0.092, 0.117, 0.036, 0.029, 0, 0.06, 0.044, 0.124, 0.038, 0.007, 0.154, 0.048, 0.099, 0.153, 0.03],
  [0.024, 0.226, 0.064, 0.165, 0.215, 0.046, 0.163, 0.063, 1, 0.401, 0.154, 0.065, 0.092, 0.171, 0.229, 0.035, 0.148, 0.075, 0.034, 0, 0.039, 0.055, 0.021, 0.138, 0.029, 0.017, 0.038, 0.129, 0.041, 0.077, 0.165, 0.112, 0.152, 0.111, 0.197, 0.191, 0.164, 0.121, 0.048, 0.114, 0.079, 0.003, 0.03, 0.056, 0.152],
  [0.046, 0.124, 0.296, 0.262, 0.078, 0.009, 0.145, 0.138, 0.401, 1, 0.267, 0.115, 0.198, 0.301, 0.147, 0.065, 0.176, 0.097, 0.048, 0.053, 0.034, 0.072, 0.073, 0.113, 0.079, 0.053, 0.06, 0.141, 0.044, 0.069, 0.115, 0.174, 0.12, 0.087, 0.189, 0.131, 0.136, 0.125, 0.031, 0.108, 0.067, 0.027, 0.161, 0.024, 0.095],
  [0.129, 0.088, 0.039, 0.126, 0.044, 0, 0.063, 0.088, 0.154, 0.267, 1, 0, 0.12, 0.263, 0.021, 0.046, 0.092, 0.08, 0, 0.114, 0.012, 0.126, 0.091, 0.083, 0.06, 0.053, 0.066, 0.123, 0.057, 0.075, 0.085, 0.028, 0.064, 0.005, 0.141, 0.107, 0.088, 0.068, 0.098, 0.165, 0.017, 0.022, 0.161, 0, 0.05],
  [0.136, 0.035, 0.013, 0.013, 0.068, 0.037, 0.071, 0.032, 0.065, 0.115, 0, 1, 0.171, 0, 0.199, 0.231, 0.026, 0.013, 0.07, 0.088, 0.122, 0.068, 0.071, 0, 0.071, 0.192, 0.025, 0.026, 0.173, 0, 0.058, 0.034, 0, 0.001, 0.058, 0.06, 0.002, 0.09, 0, 0, 0.009, 0.073, 0.124, 0.058, 0],
  [0.195, 0.176, 0.103, 0.166, 0.08, 0.013, 0.106, 0.156, 0.092, 0.198, 0.12, 0.171, 1, 0.135, 0.077, 0.057, 0.057, 0.127, 0.005, 0.096, 0.195, 0.028, 0.154, 0.041, 0.069, 0.069, 0.034, 0.231, 0.124, 0.086, 0.117, 0.133, 0.043, 0.062, 0.088, 0.088, 0.264, 0.137, 0.016, 0.11, 0.144, 0.038, 0.153, 0.184, 0.09],
  [0.055, 0.08, 0.292, 0.396, 0.038, 0, 0.037, 0.084, 0.171, 0.301, 0.263, 0, 0.135, 1, 0.081, 0.09, 0.108, 0.032, 0, 0, 0.069, 0.051, 0.055, 0.083, 0.011, 0, 0.03, 0.067, 0.056, 0.029, 0.092, 0.026, 0.096, 0.011, 0.05, 0.133, 0.163, 0.088, 0.05, 0.123, 0.01, 0, 0.047, 0.026, 0.058],
  [0.131, 0.202, 0.059, 0.06, 0.167, 0.002, 0.144, 0.04, 0.229, 0.147, 0.021, 0.199, 0.077, 0.081, 1, 0.076, 0.143, 0.096, 0.139, 0, 0.091, 0.039, 0.15, 0.102, 0.068, 0.211, 0.093, 0.173, 0.217, 0.197, 0.081, 0.068, 0.096, 0.046, 0.029, 0.088, 0.015, 0.085, 0, 0.041, 0.123, 0.035, 0.209, 0.063, 0.078],
  [0.09, 0.077, 0.039, 0.027, 0.132, 0.037, 0.178, 0.107, 0.035, 0.065, 0.046, 0.231, 0.057, 0.09, 0.076, 1, 0.128, 0.092, 0.014, 0.172, 0.122, 0, 0.15, 0.076, 0.31, 0.262, 0.105, 0.16, 0.284, 0.078, 0.155, 0.142, 0.047, 0.077, 0.131, 0.054, 0.059, 0.12, 0.038, 0.063, 0.064, 0.016, 0.17, 0.066, 0.037],
  [0.061, 0.062, 0.048, 0.063, 0.21, 0.13, 0.145, 0.054, 0.148, 0.176, 0.092, 0.026, 0.057, 0.108, 0.143, 0.128, 1, 0.224, 0.105, 0.042, 0.256, 0.038, 0.165, 0.217, 0.143, 0.155, 0.093, 0.074, 0.088, 0.33, 0.216, 0.153, 0.149, 0.172, 0.099, 0.131, 0.069, 0.121, 0.146, 0.232, 0.053, 0.02, 0.125, 0.163, 0.165],
  [0.096, 0.02, 0.06, 0.028, 0.076, 0.034, 0.203, 0.057, 0.075, 0.097, 0.08, 0.013, 0.127, 0.032, 0.096, 0.092, 0.224, 1, 0.079, 0.103, 0.185, 0.228, 0.211, 0.167, 0.059, 0.058, 0.023, 0.232, 0.108, 0.122, 0.178, 0.133, 0.111, 0.217, 0.071, 0.105, 0.092, 0.15, 0.126, 0.088, 0.138, 0.111, 0.068, 0.023, 0.157],
  [0, 0.062, 0.023, 0.025, 0.107, 0.145, 0.138, 0.049, 0.034, 0.048, 0, 0.07, 0.005, 0, 0.139, 0.014, 0.105, 0.079, 1, 0.015, 0.147, 0.065, 0.133, 0.082, 0, 0.094, 0.073, 0.091, 0.086, 0.153, 0.077, 0.042, 0.078, 0.019, 0.019, 0.009, 0.078, 0.11, 0.011, 0.061, 0.135, 0.195, 0.107, 0.018, 0.07],
  [0.128, 0.064, 0.028, 0.019, 0.103, 0.245, 0.056, 0.025, 0, 0.053, 0.114, 0.088, 0.096, 0, 0, 0.172, 0.042, 0.103, 0.015, 1, 0.106, 0.066, 0.217, 0.045, 0.042, 0.013, 0, 0.14, 0.041, 0.016, 0.113, 0.091, 0.025, 0.115, 0.08, 0.082, 0.011, 0.053, 0, 0.005, 0.024, 0.024, 0.023, 0.075, 0],
  [0.1, 0.111, 0.004, 0.007, 0.138, 0.091, 0.171, 0.041, 0.039, 0.034, 0.012, 0.122, 0.195, 0.069, 0.091, 0.122, 0.256, 0.185, 0.147, 0.106, 1, 0.133, 0.186, 0.167, 0.149, 0.107, 0.23, 0.152, 0.156, 0.195, 0.205, 0.098, 0.106, 0.079, 0.069, 0.088, 0.062, 0.27, 0.02, 0.121, 0.108, 0.067, 0.114, 0.141, 0.093],
  [0, 0.069, 0, 0, 0.067, 0, 0.047, 0.057, 0.055, 0.072, 0.126, 0.068, 0.028, 0.051, 0.039, 0, 0.038, 0.228, 0.065, 0.066, 0.133, 1, 0.079, 0.138, 0.038, 0.031, 0, 0.12, 0.014, 0, 0.063, 0.069, 0, 0, 0, 0.086, 0, 0.048, 0.119, 0.061, 0.155, 0, 0.116, 0.128, 0.098],
  [0.188, 0.081, 0.053, 0.039, 0.138, 0.025, 0.179, 0.079, 0.021, 0.073, 0.091, 0.071, 0.154, 0.055, 0.15, 0.15, 0.165, 0.211, 0.133, 0.217, 0.186, 0.079, 1, 0.167, 0.174, 0.181, 0.14, 0.157, 0.193, 0.128, 0.155, 0.208, 0.082, 0.111, 0.079, 0.13, 0.071, 0.205, 0.08, 0.192, 0.287, 0.276, 0.159, 0.17, 0.112],
  [0.021, 0.038, 0.075, 0.116, 0.111, 0.092, 0.175, 0.096, 0.138, 0.113, 0.083, 0, 0.041, 0.083, 0.102, 0.076, 0.217, 0.167, 0.082, 0.045, 0.167, 0.138, 0.167, 1, 0.101, 0.112, 0.132, 0.058, 0.179, 0.149, 0.221, 0.129, 0.108, 0.08, 0.124, 0.126, 0.135, 0.201, 0.011, 0.297, 0.094, 0.046, 0.113, 0.148, 0.104],
  [0.02, 0.047, 0.045, 0.006, 0.057, 0.08, 0.056, 0.068, 0.029, 0.079, 0.06, 0.071, 0.069, 0.011, 0.068, 0.31, 0.143, 0.059, 0, 0.042, 0.149, 0.038, 0.174, 0.101, 1, 0.43, 0.339, 0.214, 0.188, 0.227, 0.078, 0.053, 0.057, 0.069, 0.044, 0.031, 0.067, 0.069, 0.037, 0.115, 0.119, 0.001, 0.069, 0.17, 0.075],
  [0.054, 0.113, 0.049, 0.002, 0.062, 0.014, 0.11, 0.101, 0.017, 0.053, 0.053, 0.192, 0.069, 0, 0.211, 0.262, 0.155, 0.058, 0.094, 0.013, 0.107, 0.031, 0.181, 0.112, 0.43, 1, 0.283, 0.092, 0.2, 0.321, 0.06, 0.051, 0.042, 0.022, 0.006, 0.061, 0.025, 0.034, 0, 0.127, 0.08, 0.086, 0.158, 0.11, 0.05],
  [0.031, 0.165, 0.049, 0.065, 0.054, 0.002, 0.092, 0.089, 0.038, 0.06, 0.066, 0.025, 0.034, 0.03, 0.093, 0.105, 0.093, 0.023, 0.073, 0, 0.23, 0, 0.14, 0.132, 0.339, 0.283, 1, 0.077, 0.167, 0.288, 0.142, 0.08, 0.124, 0.084, 0.086, 0.144, 0.074, 0.075, 0.023, 0.193, 0.086, 0.025, 0.14, 0.102, 0.019],
  [0.21, 0.246, 0.212, 0.074, 0.122, 0.049, 0.259, 0.198, 0.129, 0.141, 0.123, 0.026, 0.231, 0.067, 0.173, 0.16, 0.074, 0.232, 0.091, 0.14, 0.152, 0.12, 0.157, 0.058, 0.214, 0.092, 0.077, 1, 0.238, 0.05, 0.135, 0.101, 0.156, 0.124, 0.03, 0.107, 0.126, 0.174, 0.102, 0.038, 0.266, 0.053, 0.103, 0.056, 0.059],
  [0.22, 0.172, 0.072, 0.044, 0.227, 0.043, 0.242, 0.094, 0.041, 0.044, 0.057, 0.173, 0.124, 0.056, 0.217, 0.284, 0.088, 0.108, 0.086, 0.041, 0.156, 0.014, 0.193, 0.179, 0.188, 0.2, 0.167, 0.238, 1, 0.107, 0.114, 0.258, 0.088, 0.102, 0.049, 0.079, 0.114, 0.229, 0.046, 0.157, 0.133, 0.045, 0.174, 0.041, 0.006],
  [0.026, 0.062, 0.074, 0.016, 0.048, 0, 0.046, 0.056, 0.077, 0.069, 0.075, 0, 0.086, 0.029, 0.197, 0.078, 0.33, 0.122, 0.153, 0.016, 0.195, 0, 0.128, 0.149, 0.227, 0.321, 0.288, 0.05, 0.107, 1, 0.088, 0.018, 0.126, 0.049, 0.108, 0.06, 0.051, 0.122, 0, 0.221, 0.083, 0.124, 0.146, 0.051, 0.056],
  [0.046, 0.026, 0.059, 0.092, 0.136, 0.096, 0.163, 0.092, 0.165, 0.115, 0.085, 0.058, 0.117, 0.092, 0.081, 0.155, 0.216, 0.178, 0.077, 0.113, 0.205, 0.063, 0.155, 0.221, 0.078, 0.06, 0.142, 0.135, 0.114, 0.088, 1, 0.264, 0.338, 0.344, 0.246, 0.188, 0.177, 0.201, 0.247, 0.235, 0.06, 0.049, 0.13, 0.022, 0.104],
  [0.065, 0.029, 0.08, 0.125, 0.102, 0.023, 0.142, 0.117, 0.112, 0.174, 0.028, 0.034, 0.133, 0.026, 0.068, 0.142, 0.153, 0.133, 0.042, 0.091, 0.098, 0.069, 0.208, 0.129, 0.053, 0.051, 0.08, 0.101, 0.258, 0.018, 0.264, 1, 0.244, 0.231, 0.192, 0.179, 0.172, 0.158, 0.014, 0.13, 0.016, 0.13, 0.084, 0.108, 0.031],
  [0.072, 0.097, 0.043, 0.091, 0.076, 0, 0.072, 0.036, 0.152, 0.12, 0.064, 0, 0.043, 0.096, 0.096, 0.047, 0.149, 0.111, 0.078, 0.025, 0.106, 0, 0.082, 0.108, 0.057, 0.042, 0.124, 0.156, 0.088, 0.126, 0.338, 0.244, 1, 0.404, 0.391, 0.291, 0.131, 0.125, 0.115, 0.215, 0.018, 0.041, 0.043, 0.018, 0.116],
  [0.044, 0.025, 0.05, 0.026, 0.053, 0.065, 0.069, 0.029, 0.111, 0.087, 0.005, 0.001, 0.062, 0.011, 0.046, 0.077, 0.172, 0.217, 0.019, 0.115, 0.079, 0, 0.111, 0.08, 0.069, 0.022, 0.084, 0.124, 0.102, 0.049, 0.344, 0.231, 0.404, 1, 0.305, 0.291, 0.007, 0.083, 0.161, 0.186, 0.069, 0.013, 0.038, 0.072, 0.1],
  [0, 0.03, 0.066, 0.04, 0.037, 0, 0.063, 0, 0.197, 0.189, 0.141, 0.058, 0.088, 0.05, 0.029, 0.131, 0.099, 0.071, 0.019, 0.08, 0.069, 0, 0.079, 0.124, 0.044, 0.006, 0.086, 0.03, 0.049, 0.108, 0.246, 0.192, 0.391, 0.305, 1, 0.28, 0.047, 0.104, 0.113, 0.113, 0.013, 0, 0.037, 0.081, 0.141],
  [0.066, 0.004, 0.035, 0.059, 0.08, 0.115, 0.065, 0.06, 0.191, 0.131, 0.107, 0.06, 0.088, 0.133, 0.088, 0.054, 0.131, 0.105, 0.009, 0.082, 0.088, 0.086, 0.13, 0.126, 0.031, 0.061, 0.144, 0.107, 0.079, 0.06, 0.188, 0.179, 0.291, 0.291, 0.28, 1, 0.075, 0.125, 0.098, 0.159, 0.041, 0.081, 0.053, 0.095, 0.065],
  [0.087, 0.02, 0.081, 0.243, 0.001, 0, 0.079, 0.044, 0.164, 0.136, 0.088, 0.002, 0.264, 0.163, 0.015, 0.059, 0.069, 0.092, 0.078, 0.011, 0.062, 0, 0.071, 0.135, 0.067, 0.025, 0.074, 0.126, 0.114, 0.051, 0.177, 0.172, 0.131, 0.007, 0.047, 0.075, 1, 0.209, 0.007, 0.048, 0.104, 0.054, 0.01, 0.131, 0.061],
  [0.068, 0.019, 0.091, 0.102, 0.076, 0.007, 0.158, 0.124, 0.121, 0.125, 0.068, 0.09, 0.137, 0.088, 0.085, 0.12, 0.121, 0.15, 0.11, 0.053, 0.27, 0.048, 0.205, 0.201, 0.069, 0.034, 0.075, 0.174, 0.229, 0.122, 0.201, 0.158, 0.125, 0.083, 0.104, 0.125, 0.209, 1, 0.016, 0.134, 0.128, 0.148, 0.134, 0.089, 0.117],
  [0.063, 0.053, 0, 0.125, 0.17, 0, 0.028, 0.038, 0.048, 0.031, 0.098, 0, 0.016, 0.05, 0, 0.038, 0.146, 0.126, 0.011, 0, 0.02, 0.119, 0.08, 0.011, 0.037, 0, 0.023, 0.102, 0.046, 0, 0.247, 0.014, 0.115, 0.161, 0.113, 0.098, 0.007, 0.016, 1, 0.074, 0.021, 0, 0.084, 0.041, 0.158],
  [0.059, 0.078, 0.039, 0.052, 0.128, 0, 0.145, 0.007, 0.114, 0.108, 0.165, 0, 0.11, 0.123, 0.041, 0.063, 0.232, 0.088, 0.061, 0.005, 0.121, 0.061, 0.192, 0.297, 0.115, 0.127, 0.193, 0.038, 0.157, 0.221, 0.235, 0.13, 0.215, 0.186, 0.113, 0.159, 0.048, 0.134, 0.074, 1, 0.022, 0.096, 0.117, 0.072, 0.035],
  [0.099, 0.106, 0.054, 0.067, 0.033, 0.012, 0.199, 0.154, 0.079, 0.067, 0.017, 0.009, 0.144, 0.01, 0.123, 0.064, 0.053, 0.138, 0.135, 0.024, 0.108, 0.155, 0.287, 0.094, 0.119, 0.08, 0.086, 0.266, 0.133, 0.083, 0.06, 0.016, 0.018, 0.069, 0.013, 0.041, 0.104, 0.128, 0.021, 0.022, 1, 0.191, 0.244, 0.095, 0.21],
  [0.102, 0.043, 0.044, 0.031, 0.027, 0.016, 0.108, 0.048, 0.003, 0.027, 0.022, 0.073, 0.038, 0, 0.035, 0.016, 0.02, 0.111, 0.195, 0.024, 0.067, 0, 0.276, 0.046, 0.001, 0.086, 0.025, 0.053, 0.045, 0.124, 0.049, 0.13, 0.041, 0.013, 0, 0.081, 0.054, 0.148, 0, 0.096, 0.191, 1, 0.163, 0.094, 0.035],
  [0.239, 0.014, 0.096, 0.045, 0.053, 0, 0.19, 0.099, 0.03, 0.161, 0.161, 0.124, 0.153, 0.047, 0.209, 0.17, 0.125, 0.068, 0.107, 0.023, 0.114, 0.116, 0.159, 0.113, 0.069, 0.158, 0.14, 0.103, 0.174, 0.146, 0.13, 0.084, 0.043, 0.038, 0.037, 0.053, 0.01, 0.134, 0.084, 0.117, 0.244, 0.163, 1, 0.175, 0.095],
  [0.257, 0.022, 0.023, 0.087, 0.148, 0, 0.023, 0.153, 0.056, 0.024, 0, 0.058, 0.184, 0.026, 0.063, 0.066, 0.163, 0.023, 0.018, 0.075, 0.141, 0.128, 0.17, 0.148, 0.17, 0.11, 0.102, 0.056, 0.041, 0.051, 0.022, 0.108, 0.018, 0.072, 0.081, 0.095, 0.131, 0.089, 0.041, 0.072, 0.095, 0.094, 0.175, 1, 0.223],
  [0.018, 0.045, 0.038, 0.029, 0.084, 0, 0.089, 0.03, 0.152, 0.095, 0.05, 0, 0.09, 0.058, 0.078, 0.037, 0.165, 0.157, 0.07, 0, 0.093, 0.098, 0.112, 0.104, 0.075, 0.05, 0.019, 0.059, 0.006, 0.056, 0.104, 0.031, 0.116, 0.1, 0.141, 0.065, 0.061, 0.117, 0.158, 0.035, 0.21, 0.035, 0.095, 0.223, 1],
];

export interface RagChunk {
  text: string;
  /** indices into embeddingTerms of the curriculum terms this chunk contains */
  terms: number[];
}

export const ragChunks: RagChunk[] = [
  { text: "How llms work at its core a large language model does one thing given a sequence of tokens it predicts the most probable next token.", terms: [0, 27] },
  { text: "The transformer architecture introduced in the landmark 2017 paper is the mechanism behind every major language model.", terms: [5, 27] },
  { text: "Its key innovation the attention mechanism allows the model to weigh the relevance of every other token in the context window when predicting the next token.", terms: [0, 4, 12, 27] },
  { text: "This is what enables models to maintain coherence across long documents and to understand references pronouns and implicit context.", terms: [12, 28] },
  { text: "Self attention and multi head attention processing context in parallel across multiple representation.", terms: [4, 12] },
  { text: "Token counts and cost the direct relationship between tokenization and api pricing.", terms: [0, 1, 22] },
  { text: "Output embeddings vector representations of tokens that encode semantic relationships.", terms: [2, 3, 13] },
  { text: "Vector space how semantic similarity is captured as geometric proximity.", terms: [3, 13] },
  { text: "Vector databases systems for storing and querying embeddings at scale.", terms: [2, 3] },
  { text: "Structured output prompting reliably eliciting json tables and formatted lists from models deserves particular emphasis because it is the foundation of every ai integration that needs to pass model output to a downstream system.", terms: [23, 27, 28, 40] },
  { text: "A model that returns free form prose cannot be reliably parsed by an automation workflow.", terms: [16, 17, 27] },
  { text: "Common prompt failure patterns vague instructions conflicting constraints ambiguous format requests.", terms: [6, 41] },
  { text: "Building a rag pipeline involves several distinct steps each with its own set of design decisions.", terms: [8, 44] },
  { text: "Likely rag architecture the end to end pipeline from document ingestion to grounded response generation.", terms: [8, 44] },
  { text: "Chunking the process of splitting documents into smaller pieces for embedding and retrieval in a rag pipeline.", terms: [8, 9, 10, 44] },
  { text: "Write a prompt for a model to extract structured json from an unstructured customer complaint name product issue urgency level.", terms: [6, 27, 40] },
  { text: "Design a simple rag pipeline using llamaindex ingest a 10 page pdf chunk it embed it and build a query interface that retrieves relevant sections and generates an answer.", terms: [8, 34, 44] },
  { text: "Implement a semantic chunking function in python that splits a document on paragraph boundaries embeds each chunk using the openai embeddings api and stores the results in a local chromadb instance.", terms: [2, 10, 13, 22, 26, 39] },
  { text: "Automation platforms workflow design automation is a discipline with its own principles vocabulary and failure modes that are entirely independent of ai.", terms: [16, 17] },
  { text: "A workflow in make or n8n that moves data between a crm and a spreadsheet involves no ai at all.", terms: [17, 20] },
  { text: "Conversely calling claude to summarise a document is generative ai work with no automation involved.", terms: [16, 24] },
  { text: "N8n is the right tool when complexity control and the ability to self host matter it handles advanced branching custom logic and large data volumes that make cannot.", terms: [20, 37] },
  { text: "Automation thinking most people approaching automation platforms for the first time try to figure out the tool before they have understood the problem.", terms: [16, 37] },
  { text: "They open make or n8n look for a trigger that resembles their starting point and start connecting modules without a clear model of what they are building.", terms: [19, 20, 27] },
  { text: "This session teaches participants to think about automation before they touch a tool.", terms: [16, 37] },
  { text: "The mechanism for connection is almost always an api or a webhook.", terms: [18, 22] },
  { text: "Native connectors in make and n8n are convenient wrappers around api calls they abstract the http details but they cannot cover every api in existence.", terms: [20, 22] },
  { text: "This visibility makes debugging intuitive and helps build the mental model of automation as data flowing through a pipeline of transformations.", terms: [16, 27, 44] },
];
